......................
..O...................
......................
......................
......................
......................
......................
......................
......................
..............X.......
......................
11    22   242

..**
...*
2     4     8
 14 13 12 11 10 9 9 9 9 9 9 9 9 9 9 9 9 9 9 9 9 9
 14 13-1 11 10 9 8 8 8 8 8 8 8 8 8 8 8 8 8 8 8 8
 14 13 12 11 10 9 8 7 7 7 7 7 7 7 7 7 7 7 7 7 7 7
 14 13 12 11 10 9 8 7 6 6 6 6 6 6 6 6 6 6 6 6 6 7
 14 13 12 11 10 9 8 7 6 5 5 5 5 5 5 5 5 5 5 5 6 7
 14 13 12 11 10 9 8 7 6 5 4 4 4 4 4 4 4 4 4 5 6 7
 14 13 12 11 10 9 8 7 6 5 4 3 3 3 3 3 3 3 4 5 6 7
 14 13 12 11 10 9 8 7 6 5 4 3 2 2 2 2 2 3 4 5 6 7
 14 13 12 11 10 9 8 7 6 5 4 3 2 1 1 1 2 3 4 5 6 7
 14 13 12 11 10 9 8 7 6 5 4 3 2 1 0 1 2 3 4 5 6 7
 14 13 12 11 10 9 8 7 6 5 4 3 2 1 1 1 2 3 4 5 6 7

MY ANSWER ##1##: [1][0]
......................
..OO..................
...O..................
......................
......................
......................
......................
......................
......................
.............XX.......
......................
11    22   242

.**
...
2     3     6
 13 12 11 10 9 9 9 9 9 9 9 9 9 9 9 9 9 9 9 9 9 9
 13 12-1-1 9 8 8 8 8 8 8 8 8 8 8 8 8 8 8 8 8 8
 13 12 11-1 9 8 7 7 7 7 7 7 7 7 7 7 7 7 7 7 7 7
 13 12 11 10 9 8 7 6 6 6 6 6 6 6 6 6 6 6 6 6 6 7
 13 12 11 10 9 8 7 6 5 5 5 5 5 5 5 5 5 5 5 5 6 7
 13 12 11 10 9 8 7 6 5 4 4 4 4 4 4 4 4 4 4 5 6 7
 13 12 11 10 9 8 7 6 5 4 3 3 3 3 3 3 3 3 4 5 6 7
 13 12 11 10 9 8 7 6 5 4 3 2 2 2 2 2 2 3 4 5 6 7
 13 12 11 10 9 8 7 6 5 4 3 2 1 1 1 1 2 3 4 5 6 7
 13 12 11 10 9 8 7 6 5 4 3 2 1 0 0 1 2 3 4 5 6 7
 13 12 11 10 9 8 7 6 5 4 3 2 1 1 1 1 2 3 4 5 6 7

MY ANSWER ##2##: [1][0]
MY ANSWER ##3##: [2][1]
......................
.OOO..................
...O..................
......................
......................
......................
......................
......................
.............X........
.............XX.......
......................
11    22   242

**
1     2     2
 13 12 11 10 9 8 8 8 8 8 8 8 8 8 8 8 8 8 8 8 8 8
 13-1-1-1 9 8 7 7 7 7 7 7 7 7 7 7 7 7 7 7 7 8
 13 12 11-1 9 8 7 6 6 6 6 6 6 6 6 6 6 6 6 6 7 7
 13 12 11 10 9 8 7 6 5 5 5 5 5 5 5 5 5 5 5 6 6 7
 13 12 11 10 9 8 7 6 5 4 4 4 4 4 4 4 4 4 5 5 6 7
 13 12 11 10 9 8 7 6 5 4 3 3 3 3 3 3 3 4 4 5 6 7
 13 12 11 10 9 8 7 6 5 4 3 2 2 2 2 2 3 3 4 5 6 7
 13 12 11 10 9 8 7 6 5 4 3 2 1 1 1 2 2 3 4 5 6 7
 13 12 11 10 9 8 7 6 5 4 3 2 1 0 1 1 2 3 4 5 6 7
 13 12 11 10 9 8 7 6 5 4 3 2 1 0 0 1 2 3 4 5 6 7
 13 12 11 10 9 8 7 6 5 4 3 2 1 1 1 1 2 3 4 5 6 7

0]
......................
OOOO..................
......................
......................
......................
......................
......................
......................
...........XXXX.......
..............X.......
......................
11    22   242

***
1     3     3
 11 10 9 8 8 8 8 8 8 8 8 8 8 8 8 8 8 8 8 8 8 8
-1-1-1-1 7 7 7 7 7 7 7 7 7 7 7 7 7 7 7 7 7 7
 11 10 9 8 7 6 6 6 6 6 6 6 6 6 6 6 6 6 6 6 6 7
 11 10 9 8 7 6 5 5 5 5 5 5 5 5 5 5 5 5 5 5 6 7
 11 10 9 8 7 6 5 4 4 4 4 4 4 4 4 4 4 4 4 5 6 7
 11 10 9 8 7 6 5 4 3 3 3 3 3 3 3 3 3 3 4 5 6 7
 11 10 9 8 7 6 5 4 3 2 2 2 2 2 2 2 2 3 4 5 6 7
 11 10 9 8 7 6 5 4 3 2 1 1 1 1 1 1 2 3 4 5 6 7
 11 10 9 8 7 6 5 4 3 2 1 0 0 0 0 1 2 3 4 5 6 7
 11 10 9 8 7 6 5 4 3 2 1 1 1 1 0 1 2 3 4 5 6 7
 11 10 9 8 7 6 5 4 3 2 2 2 2 1 1 1 2 3 4 5 6 7

MY ANSWER ##4##: [1][3]
......................
OOOOOO................
......................
......................
......................
......................
......................
...........X..........
...........XXXX.......
..............X.......
......................
11    22   242

..
**
2     2     4
 12 11 10 9 8 7 7 7 7 7 7 7 7 7 7 7 7 7 7 8 8 8
-1-1-1-1-1-1 6 6 6 6 6 6 6 6 6 6 6 6 7 7 7 7
 11 10 9 8 7 6 5 5 5 5 5 5 5 5 5 5 5 6 6 6 6 7
 11 10 9 8 7 6 5 4 4 4 4 4 4 4 4 4 5 5 5 5 6 7
 11 10 9 8 7 6 5 4 3 3 3 3 3 3 3 4 4 4 4 5 6 7
 11 10 9 8 7 6 5 4 3 2 2 2 2 2 3 3 3 3 4 5 6 7
 11 10 9 8 7 6 5 4 3 2 1 1 1 2 2 2 2 3 4 5 6 7
 11 10 9 8 7 6 5 4 3 2 1 0 1 1 1 1 2 3 4 5 6 7
 11 10 9 8 7 6 5 4 3 2 1 0 0 0 0 1 2 3 4 5 6 7
 11 10 9 8 7 6 5 4 3 2 1 1 1 1 0 1 2 3 4 5 6 7
 11 10 9 8 7 6 5 4 3 2 2 2 2 1 1 1 2 3 4 5 6 7

MY ANSWER ##5##: [0][5]
......................
OOOOOOO...............
......................
......................
......................
......................
......................
..........XX..........
...........XXXX.......
..............X.......
......................
11    22   242

...
.**
2     3     6
 13 12 11 10 9 8 7 7 7 7 7 7 7 7 7 7 7 7 7 8 8 8
-1-1-1-1-1-1-1 6 6 6 6 6 6 6 6 6 6 6 7 7 7 7
 10 9 8 7 6 5 5 5 5 5 5 5 5 5 5 5 5 6 6 6 6 7
 10 9 8 7 6 5 4 4 4 4 4 4 4 4 4 4 5 5 5 5 6 7
 10 9 8 7 6 5 4 3 3 3 3 3 3 3 3 4 4 4 4 5 6 7
 10 9 8 7 6 5 4 3 2 2 2 2 2 2 3 3 3 3 4 5 6 7
 10 9 8 7 6 5 4 3 2 1 1 1 1 2 2 2 2 3 4 5 6 7
 10 9 8 7 6 5 4 3 2 1 0 0 1 1 1 1 2 3 4 5 6 7
 10 9 8 7 6 5 4 3 2 1 1 0 0 0 0 1 2 3 4 5 6 7
 10 9 8 7 6 5 4 3 2 2 1 1 1 1 0 1 2 3 4 5 6 7
 10 9 8 7 6 5 4 3 3 2 2 2 2 1 1 1 2 3 4 5 6 7

MY ANSWER ##6##: [0][5]
......................
OOOOOOOO..............
......................
......................
......................
......................
.......X..............
.......XXXXX..........
...........XXXX.......
..............X.......
......................
11    22   242

.**.
....
2     4     8
 13 12 11 10 9 8 7 6 6 6 6 6 6 6 7 7 7 7 7 8 8 8
-1-1-1-1-1-1-1-1 5 5 5 5 5 6 6 6 6 6 7 7 7 7
 7 6 5 4 4 4 4 4 4 4 4 4 5 5 5 5 5 6 6 6 6 7
 7 6 5 4 3 3 3 3 3 3 3 4 4 4 4 4 5 5 5 5 6 7
 7 6 5 4 3 2 2 2 2 2 3 3 3 3 3 4 4 4 4 5 6 7
 7 6 5 4 3 2 1 1 1 2 2 2 2 2 3 3 3 3 4 5 6 7
 7 6 5 4 3 2 1 0 1 1 1 1 1 2 2 2 2 3 4 5 6 7
 7 6 5 4 3 2 1 0 0 0 0 0 1 1 1 1 2 3 4 5 6 7
 7 6 5 4 3 2 1 1 1 1 1 0 0 0 0 1 2 3 4 5 6 7
 7 6 5 4 3 2 2 2 2 2 1 1 1 1 0 1 2 3 4 5 6 7
 7 6 5 4 3 3 3 3 3 2 2 2 2 1 1 1 2 3 4 5 6 7

MY ANSWER ##7##: [1][6]
......................
OOOOOOOOO.............
......................
......................
......................
......................
......XX..............
.......XXXXX..........
...........XXXX.......
..............X.......
......................
11    22   242

..
**
2     2     4
 14 13 12 11 10 9 8 7 6 6 6 6 6 6 7 7 7 7 7 8 8 8
-1-1-1-1-1-1-1-1-1 5 5 5 5 6 6 6 6 6 7 7 7 7
 6 5 4 4 4 4 4 4 4 4 4 4 5 5 5 5 5 6 6 6 6 7
 6 5 4 3 3 3 3 3 3 3 3 4 4 4 4 4 5 5 5 5 6 7
 6 5 4 3 2 2 2 2 2 2 3 3 3 3 3 4 4 4 4 5 6 7
 6 5 4 3 2 1 1 1 1 2 2 2 2 2 3 3 3 3 4 5 6 7
 6 5 4 3 2 1 0 0 1 1 1 1 1 2 2 2 2 3 4 5 6 7
 6 5 4 3 2 1 1 0 0 0 0 0 1 1 1 1 2 3 4 5 6 7
 6 5 4 3 2 2 1 1 1 1 1 0 0 0 0 1 2 3 4 5 6 7
 6 5 4 3 3 2 2 2 2 2 1 1 1 1 0 1 2 3 4 5 6 7
 6 5 4 4 3 3 3 3 3 2 2 2 2 1 1 1 2 3 4 5 6 7

MY ANSWER ##8##: [0][8]
......................
OOOOOOOOOO............
......................
......................
......................
.....XXX..............
.....XXX..............
.......XXXXX..........
...........XXXX.......
..............X.......
......................
11    22   242

**
1     2     2
 14 13 12 11 10 9 8 7 6 5 5 5 5 6 7 7 7 7 7 8 8 8
-1-1-1-1-1-1-1-1-1-1 4 4 5 6 6 6 6 6 7 7 7 7
 5 4 3 3 3 3 3 3 3 3 3 4 5 5 5 5 5 6 6 6 6 7
 5 4 3 2 2 2 2 2 2 2 3 4 4 4 4 4 5 5 5 5 6 7
 5 4 3 2 1 1 1 1 1 2 3 3 3 3 3 4 4 4 4 5 6 7
 5 4 3 2 1 0 0 0 1 2 2 2 2 2 3 3 3 3 4 5 6 7
 5 4 3 2 1 0 0 0 1 1 1 1 1 2 2 2 2 3 4 5 6 7
 5 4 3 2 1 1 1 0 0 0 0 0 1 1 1 1 2 3 4 5 6 7
 5 4 3 2 2 2 1 1 1 1 1 0 0 0 0 1 2 3 4 5 6 7
 5 4 3 3 3 2 2 2 2 2 1 1 1 1 0 1 2 3 4 5 6 7
 5 4 4 4 3 3 3 3 3 2 2 2 2 1 1 1 2 3 4 5 6 7

MY ANSWER ##9##: [1][9]
......................
OOOOOOOOOOO...........
......................
......................
......................
....XXXX..............
.....XXX..............
.......XXXXX..........
...........XXXX.......
..............X.......
......................
11    22   242

.***
.**.
2     4     8
 15 14 13 12 11 10 9 8 7 6 5 5 5 6 7 7 7 7 7 8 8 8
-1-1-1-1-1-1-1-1-1-1-1 4 5 6 6 6 6 6 7 7 7 7
 4 3 3 3 3 3 3 3 3 3 3 4 5 5 5 5 5 6 6 6 6 7
 4 3 2 2 2 2 2 2 2 2 3 4 4 4 4 4 5 5 5 5 6 7
 4 3 2 1 1 1 1 1 1 2 3 3 3 3 3 4 4 4 4 5 6 7
 4 3 2 1 0 0 0 0 1 2 2 2 2 2 3 3 3 3 4 5 6 7
 4 3 2 1 1 0 0 0 1 1 1 1 1 2 2 2 2 3 4 5 6 7
 4 3 2 2 1 1 1 0 0 0 0 0 1 1 1 1 2 3 4 5 6 7
 4 3 3 2 2 2 1 1 1 1 1 0 0 0 0 1 2 3 4 5 6 7
 4 4 3 3 3 2 2 2 2 2 1 1 1 1 0 1 2 3 4 5 6 7
 5 4 4 4 3 3 3 3 3 2 2 2 2 1 1 1 2 3 4 5 6 7

MY ANSWER ##10##: [0][9]
MY ANSWER ##11##: [1][9]
..........OOO.........
OOOOOOOOOOOO..........
......................
......................
......................
...XXXXX..............
.....XXX..............
.......XXXXX..........
...........XXXX.......
..............X.......
......................
11    22   242

***
1     3     3
 1000002 1000001 1000002 1000001 1000002 1000001 1000002 1000001 1000002 1000001-1-1-1 6 7 7 7 7 7 8 8 8
-1-1-1-1-1-1-1-1-1-1-1-1 5 6 6 6 6 6 7 7 7 7
 3 3 3 3 3 3 3 3 3 3 3 4 5 5 5 5 5 6 6 6 6 7
 3 2 2 2 2 2 2 2 2 2 3 4 4 4 4 4 5 5 5 5 6 7
 3 2 1 1 1 1 1 1 1 2 3 3 3 3 3 4 4 4 4 5 6 7
 3 2 1 0 0 0 0 0 1 2 2 2 2 2 3 3 3 3 4 5 6 7
 3 2 1 1 1 0 0 0 1 1 1 1 1 2 2 2 2 3 4 5 6 7
 3 2 2 2 1 1 1 0 0 0 0 0 1 1 1 1 2 3 4 5 6 7
 3 3 3 2 2 2 1 1 1 1 1 0 0 0 0 1 2 3 4 5 6 7
 4 4 3 3 3 2 2 2 2 2 1 1 1 1 0 1 2 3 4 5 6 7
 5 4 4 4 3 3 3 3 3 2 2 2 2 1 1 1 2 3 4 5 6 7

